ANALYSIS RESULTS
================
Date of analysis: 2024-11-29 11:34:31 

1. DESCRIPTIVE STATISTICS
=======================
      n median trimmed  mad min max  skew kurtosis
Q1  140      3    2.52 1.48   1   4 -0.12    -0.30
Q2  140      3    2.59 0.00   1   4 -0.26    -0.16
Q3  140      3    3.46 0.00   2   5 -0.03    -0.60
Q4  140      4    4.31 0.00   3   5 -0.23    -0.66
Q5  140      4    4.38 0.00   3   5 -0.29    -0.69
Q6  140      5    4.53 0.00   3   5 -0.57    -0.66
Q7  140      4    4.36 0.00   3   5 -0.30    -0.69
Q8  140      4    4.20 0.00   3   5  0.06    -0.12
Q9  140      4    4.05 0.00   3   5 -0.05    -0.84
Q10 140      5    4.64 0.00   3   5 -0.91    -0.22
Q11 140      5    4.54 0.00   3   5 -0.66    -0.55
Q12 140      4    4.31 0.00   2   5 -0.33     0.66
Q13 140      4    3.98 0.00   2   5 -0.26     0.04

2. RESPONSE DISTRIBUTION ANALYSIS
===============================

Q1:
  Response Frequency Percentage.Var1 Percentage.Freq
1        1        10               1             7.1
2        2        58               2            41.4
3        3        64               3            45.7
4        4         8               4             5.7

Q2:
  Response Frequency Percentage.Var1 Percentage.Freq
1        1         6               1             4.3
2        2        54               2            38.6
3        3        74               3            52.9
4        4         6               4             4.3

Q3:
  Response Frequency Percentage.Var1 Percentage.Freq
1        2         4               2             2.9
2        3        71               3            50.7
3        4        63               4            45.0
4        5         2               5             1.4

Q4:
  Response Frequency Percentage.Var1 Percentage.Freq
1        3        14               3              10
2        4        77               4              55
3        5        49               5              35

Q5:
  Response Frequency Percentage.Var1 Percentage.Freq
1        3        10               3             7.1
2        4        74               4            52.9
3        5        56               5            40.0

Q6:
  Response Frequency Percentage.Var1 Percentage.Freq
1        3         6               3             4.3
2        4        61               4            43.6
3        5        73               5            52.1

Q7:
  Response Frequency Percentage.Var1 Percentage.Freq
1        3        12               3             8.6
2        4        74               4            52.9
3        5        54               5            38.6

Q8:
  Response Frequency Percentage.Var1 Percentage.Freq
1        3        11               3             7.9
2        4        93               4            66.4
3        5        36               5            25.7

Q9:
  Response Frequency Percentage.Var1 Percentage.Freq
1        3        29               3            20.7
2        4        76               4            54.3
3        5        35               5            25.0

Q10:
  Response Frequency Percentage.Var1 Percentage.Freq
1        3         5               3             3.6
2        4        49               4            35.0
3        5        86               5            61.4

Q11:
  Response Frequency Percentage.Var1 Percentage.Freq
1        3         7               3             5.0
2        4        58               4            41.4
3        5        75               5            53.6

Q12:
  Response Frequency Percentage.Var1 Percentage.Freq
1        2         1               2             0.7
2        3         5               3             3.6
3        4        85               4            60.7
4        5        49               5            35.0

Q13:
  Response Frequency Percentage.Var1 Percentage.Freq
1        2         2               2             1.4
2        3        27               3            19.3
3        4        84               4            60.0
4        5        27               5            19.3

3. POLYCHORIC CORRELATIONS
=========================
       Q1    Q2    Q3    Q4    Q5    Q6    Q7    Q8    Q9   Q10   Q11   Q12   Q13
Q1  1.000 0.357 0.322 0.368 0.309 0.302 0.433 0.331 0.431 0.254 0.265 0.260 0.487
Q2  0.357 1.000 0.377 0.380 0.315 0.229 0.465 0.300 0.452 0.212 0.390 0.257 0.247
Q3  0.322 0.377 1.000 0.275 0.288 0.230 0.364 0.290 0.356 0.201 0.291 0.520 0.329
Q4  0.368 0.380 0.275 1.000 0.311 0.506 0.451 0.357 0.355 0.383 0.559 0.229 0.432
Q5  0.309 0.315 0.288 0.311 1.000 0.364 0.389 0.222 0.475 0.333 0.435 0.096 0.324
Q6  0.302 0.229 0.230 0.506 0.364 1.000 0.342 0.288 0.475 0.575 0.155 0.369 0.405
Q7  0.433 0.465 0.364 0.451 0.389 0.342 1.000 0.297 0.567 0.408 0.379 0.401 0.348
Q8  0.331 0.300 0.290 0.357 0.222 0.288 0.297 1.000 0.350 0.323 0.356 0.216 0.292
Q9  0.431 0.452 0.356 0.355 0.475 0.475 0.567 0.350 1.000 0.376 0.461 0.380 0.353
Q10 0.254 0.212 0.201 0.383 0.333 0.575 0.408 0.323 0.376 1.000 0.169 0.258 0.396
Q11 0.265 0.390 0.291 0.559 0.435 0.155 0.379 0.356 0.461 0.169 1.000 0.256 0.436
Q12 0.260 0.257 0.520 0.229 0.096 0.369 0.401 0.216 0.380 0.258 0.256 1.000 0.301
Q13 0.487 0.247 0.329 0.432 0.324 0.405 0.348 0.292 0.353 0.396 0.436 0.301 1.000

4. RELIABILITY ANALYSIS
=====================
Ordinal alpha: 0.873

5. HYPOTHESIS TESTING
===================

Hypothesis H1a:
-----------------
Median: 3.00
Interquartile Range (IQR): 1.00
Hodges-Lehmann estimate: 2.00
95% Confidence Interval of the Median Difference: [2.00, Inf)
Percentage above neutral: 5.7%
Adjusted p-value: 1.00000
Effect size (r): 0.000 (small)

Interpretation: No significant difference from the neutral point (3).

Hypothesis H1b:
-----------------
Median: 3.00
Interquartile Range (IQR): 1.00
Hodges-Lehmann estimate: 2.00
95% Confidence Interval of the Median Difference: [2.00, Inf)
Percentage above neutral: 4.3%
Adjusted p-value: 1.00000
Effect size (r): 0.000 (small)

Interpretation: No significant difference from the neutral point (3).

Hypothesis H1c:
-----------------
Median: 3.00
Interquartile Range (IQR): 1.00
Hodges-Lehmann estimate: 4.00
95% Confidence Interval of the Median Difference: [4.00, Inf)
Percentage above neutral: 46.4%
Adjusted p-value: 2.297e-12 (significant at adjusted alpha = 0.00385)
Effect size (r): 0.622 (large)

Interpretation: The median is significantly greater than the neutral point (3).

Hypothesis H1d:
-----------------
Median: 4.00
Interquartile Range (IQR): 1.00
Hodges-Lehmann estimate: 4.50
95% Confidence Interval of the Median Difference: [4.50, Inf)
Percentage above neutral: 90.0%
Adjusted p-value: 3.409e-23 (significant at adjusted alpha = 0.00385)
Effect size (r): 0.860 (large)

Interpretation: The median is significantly greater than the neutral point (3).

Hypothesis H2a:
-----------------
Median: 4.00
Interquartile Range (IQR): 1.00
Hodges-Lehmann estimate: 4.50
95% Confidence Interval of the Median Difference: [4.50, Inf)
Percentage above neutral: 92.9%
Adjusted p-value: 9.172e-24 (significant at adjusted alpha = 0.00385)
Effect size (r): 0.870 (large)

Interpretation: The median is significantly greater than the neutral point (3).

Hypothesis H2b:
-----------------
Median: 5.00
Interquartile Range (IQR): 1.00
Hodges-Lehmann estimate: 4.50
95% Confidence Interval of the Median Difference: [4.50, Inf)
Percentage above neutral: 95.7%
Adjusted p-value: 2.045e-24 (significant at adjusted alpha = 0.00385)
Effect size (r): 0.883 (large)

Interpretation: The median is significantly greater than the neutral point (3).

Hypothesis H2c:
-----------------
Median: 4.00
Interquartile Range (IQR): 1.00
Hodges-Lehmann estimate: 4.50
95% Confidence Interval of the Median Difference: [4.50, Inf)
Percentage above neutral: 91.4%
Adjusted p-value: 1.954e-23 (significant at adjusted alpha = 0.00385)
Effect size (r): 0.864 (large)

Interpretation: The median is significantly greater than the neutral point (3).

Hypothesis H2d:
-----------------
Median: 4.00
Interquartile Range (IQR): 1.00
Hodges-Lehmann estimate: 4.00
95% Confidence Interval of the Median Difference: [4.00, Inf)
Percentage above neutral: 92.1%
Adjusted p-value: 2.064e-24 (significant at adjusted alpha = 0.00385)
Effect size (r): 0.883 (large)

Interpretation: The median is significantly greater than the neutral point (3).

Hypothesis H2e:
-----------------
Median: 4.00
Interquartile Range (IQR): 0.25
Hodges-Lehmann estimate: 4.50
95% Confidence Interval of the Median Difference: [4.00, Inf)
Percentage above neutral: 79.3%
Adjusted p-value: 6.966e-21 (significant at adjusted alpha = 0.00385)
Effect size (r): 0.815 (large)

Interpretation: The median is significantly greater than the neutral point (3).

Hypothesis H3a:
-----------------
Median: 5.00
Interquartile Range (IQR): 1.00
Hodges-Lehmann estimate: 4.50
95% Confidence Interval of the Median Difference: [4.50, Inf)
Percentage above neutral: 96.4%
Adjusted p-value: 6.533e-25 (significant at adjusted alpha = 0.00385)
Effect size (r): 0.892 (large)

Interpretation: The median is significantly greater than the neutral point (3).

Hypothesis H3b:
-----------------
Median: 5.00
Interquartile Range (IQR): 1.00
Hodges-Lehmann estimate: 4.50
95% Confidence Interval of the Median Difference: [4.50, Inf)
Percentage above neutral: 95.0%
Adjusted p-value: 2.803e-24 (significant at adjusted alpha = 0.00385)
Effect size (r): 0.880 (large)

Interpretation: The median is significantly greater than the neutral point (3).

Hypothesis H4a:
-----------------
Median: 4.00
Interquartile Range (IQR): 1.00
Hodges-Lehmann estimate: 4.50
95% Confidence Interval of the Median Difference: [4.50, Inf)
Percentage above neutral: 95.7%
Adjusted p-value: 1.860e-24 (significant at adjusted alpha = 0.00385)
Effect size (r): 0.883 (large)

Interpretation: The median is significantly greater than the neutral point (3).

Hypothesis H4b:
-----------------
Median: 4.00
Interquartile Range (IQR): 0.00
Hodges-Lehmann estimate: 4.00
95% Confidence Interval of the Median Difference: [4.00, Inf)
Percentage above neutral: 79.3%
Adjusted p-value: 1.054e-20 (significant at adjusted alpha = 0.00385)
Effect size (r): 0.811 (large)

Interpretation: The median is significantly greater than the neutral point (3).
